100
100
0 74.1103 -41.3425 
-41.4526 9.62876 -27.5904 
8.56197 -38.2283 36.4202 
6.00729 76.4177 51.7226 
36.4079 46.894 -31.09 
27.5854 29.8369 49.1816 
-27.2467 -71.2439 76.6018 
97.5224 -30.925 -53.5937 
55.0696 -54.5329 -41.688 
98.1857 56.4526 -77.9273 
-60.9497 -30.2099 -15.8502 
70.1277 -4.71119 -68.4339 
-77.0172 -34.9225 85.9699 
52.3213 -53.4798 37.1476 
39.9464 49.9049 42.823 
-44.7944 -98.9739 -17.5374 
25.5463 -85.0642 77.9376 
-66.2773 -9.53591 -28.8587 
45.9215 -8.90145 91.7786 
-7.04519 -72.5427 -36.0636 
-68.9036 -76.091 70.2168 
63.546 -89.0276 -61.6618 
75.4715 89.0084 43.7734 
32.911 14.9676 24.861 
-47.8484 -44.0527 -20.2082 
-25.0593 -81.929 62.6071 
-47.431 -26.8636 23.003 
83.141 53.8522 73.9091 
-36.078 -20.0622 27.5298 
24.8594 -10.7614 55.6116 
34.3329 57.5288 56.1989 
-36.9563 -34.7093 49.1378 
71.6302 -24.2939 53.6761 
14.5664 61.9659 -86.6273 
72.3774 -41.7003 -48.6054 
-50.1069 -30.1374 50.6881 
-57.1394 46.5708 -70.6506 
-13.6823 -0.344415 -22.8595 
-29.3583 24.3687 -35.2984 
-52.0269 -37.457 -13.0799 
67.3794 -25.0481 -1.81929 
-9.18687 94.242 -71.0646 
-68.9416 59.3861 56.5355 
69.0085 80.9191 63.0103 
-14.3448 -79.3648 -75.4633 
98.9298 -64.9862 70.5024 
57.2542 16.1451 -23.0354 
44.0139 37.7495 -59.6154 
12.7944 44.6401 -61.0827 
-14.0829 19.6062 53.8592 
68.851 -13.3329 -52.0805 
82.9798 29.2761 48.162 
-86.1792 14.1493 94.6109 
-78.8853 -56.4856 0.550171 
75.2535 9.86414 45.3234 
10.8601 -57.3155 -47.4309 
82.5112 8.57647 41.4867 
-62.6679 -82.9135 -21.3893 
-22.5749 54.4807 -10.2646 
16.405 46.7962 68.7799 
-65.2762 56.4473 -77.811 
50.5264 -75.1009 85.0836 
-98.6629 52.9353 12.9608 
-28.248 64.0397 -73.2135 
-11.3683 42.4892 -99.3671 
-63.4998 -1.88556 -61.47 
-70.1599 -48.3604 9.12428 
70.8976 81.4937 -97.5988 
99.9415 45.7689 -0.96075 
92.2834 75.4608 -97.6648 
28.6726 -61.9082 67.5457 
-11.8121 54.6927 -75.4182 
-48.2814 -24.9519 58.277 
44.294 37.2162 -30.7435 
-76.1047 -66.2697 -32.3932 
-90.0276 -52.8823 61.476 
84.0219 23.3243 76.9636 
-3.7789 69.1889 91.6446 
80.9888 25.4343 -21.8983 
7.53358 -57.0477 38.4126 
-63.9652 10.173 -91.097 
-64.2319 7.02118 -79.5605 
22.3285 51.547 63.8858 
-32.1031 -77.8918 67.1136 
66.6447 75.6799 -88.9316 
58.8635 -53.3684 -59.7209 
-71.3532 -38.9537 63.4986 
27.5145 19.151 44.633 
19.7356 14.2096 89.9939 
-52.8091 -55.2091 -34.1155 
-35.6745 -73.8099 -75.9297 
-51.226 -52.269 -36.0339 
-38.795 -27.7115 -13.2248 
53.8245 -32.3934 -13.7279 
45.0773 -87.3899 -5.89205 
-23.4426 -78.7484 -19.6248 
53.3706 -90.9711 17.2552 
-82.5487 87.4909 -67.4668 
27.7996 92 -9.3989 
88.3691 39.9753 83.2594 
-37.1205 -40.0387 97.7455 
34.8642 -90.0581 84.7676 
-84.4769 -15.6616 62.5205 
21.4988 31.8187 -9.34534 
36.375 -49.4127 -31.4136 
31.6084 -12.0727 68.9242 
-17.0481 84.0665 -80.0323 
-83.5149 24.4656 62.0647 
14.5769 79.6522 57.275 
-49.4399 20.7385 68.2056 
1.20451 19.8656 41.1949 
-33.8066 -25.5988 92.4776 
23.747 33.6724 75.8862 
-69.1519 -37.3186 90.8839 
-93.5364 -26.6324 -35.3354 
-46.4762 -20.6082 92.3306 
-87.1295 -92.4892 54.1958 
36.2166 -31.0816 31.672 
-67.1485 42.4919 49.6068 
78.6589 -68.8804 -37.5115 
65.7557 50.0172 -40.0634 
-84.9311 -57.3441 93.8232 
94.3184 -70.8706 64.1228 
40.119 -37.7794 -90.2846 
-83.4918 80.205 -15.196 
-18.078 -15.2183 -63.0113 
-59.9725 -18.8857 80.7118 
-59.6034 49.8044 45.546 
-35.2325 -20.7056 -78.5211 
-16.5553 -49.0972 -57.7117 
-29.608 -55.1585 -38.0066 
-11.702 86.8607 23.8264 
25.3161 -16.6394 10.4998 
13.7883 -82.9999 -71.1811 
-99.4358 -5.33242 -21.9042 
-30.0099 95.568 -12.7724 
23.4364 -70.7399 70.7703 
66.5918 -99.6665 -72.4734 
29.2007 96.8881 -48.0419 
16.3901 91.7932 78.0634 
38.0111 -98.5205 74.9134 
10.3648 22.5911 -76.9659 
13.3006 71.702 72.4056 
68.9946 45.73 86.2172 
98.1083 -23.4109 -75.6856 
60.7036 -36.4688 80.3868 
90.3604 -22.8654 8.69223 
99.1205 21.188 58.212 
65.1369 91.3581 58.5559 
58.6163 89.4257 68.662 
-73.2629 -64.481 52.7549 
83.7724 -8.60922 48.455 
-66.8639 -9.04024 82.5666 
-69.9928 -94.6627 38.9655 
-71.2346 -60.1261 -25.0882 
-6.94474 86.3498 -75.3431 
-89.8398 -25.0705 -7.49145 
-86.241 -57.3191 -79.4794 
87.9858 21.3009 -54.3521 
52.7875 99.9026 -92.3686 
39.6586 14.7812 91.1818 
-34.5048 55.5069 8.26512 
14.1458 -62.9307 -48.5312 
-10.5543 95.2883 -72.0259 
87.9919 62.7213 -78.3371 
11.3484 -46.9829 59.3925 
98.1922 84.8185 -71.2213 
-27.3353 22.5857 -86.3679 
-50.6389 -73.2957 67.0555 
-90.0691 -74.6544 -38.813 
2.26853 70.3888 55.5341 
-53.4125 -35.5139 14.2204 
63.0204 66.221 -83.2675 
95.7403 -33.1877 -48.9593 
-86.8316 -57.0909 -34.1213 
-74.4365 -83.0623 -33.8408 
34.0018 -62.6739 46.4897 
35.2366 -84.1878 0.279048 
86.7627 -87.2834 90.4893 
73.1445 -85.6796 18.4116 
44.9213 -4.22803 -5.38172 
-96.5094 -55.4105 -78.0576 
38.9616 -33.4858 94.4561 
-60.9086 -64.6465 -89.7352 
-38.8681 12.5683 -34.5907 
44.6808 98.9458 99.5576 
14.9655 -71.0227 63.2037 
-1.90662 41.4779 -16.8461 
-30.2964 -10.3868 -38.7936 
43.5333 2.34596 70.0217 
-99.9503 -90.9792 -15.3796 
68.3257 52.2107 62.3379 
-26.9322 -69.7112 -15.1406 
36.097 -6.23797 -43.5142 
22.5453 -12.3514 -72.1538 
-64.5394 36.0478 -65.8361 
-42.5557 7.32902 21.5172 
74.6237 42.9836 -89.7235 
60.3784 9.05247 -78.756 
-65.2995 45.0184 -91.5754 
-56.413 24.6523 23.0809 
-73.7634 69.3158 -65.1187 
-81.199 16.5763 -75.5607 
74.6278 -22.1913 44.9998 
72.635 -74.412 62.7657 
-75.8504 -92.7878 -57.2997 
-77.8899 -77.5826 -42.82 
58.1092 98.0147 8.83082 
25.6771 -47.7095 -47.3156 
-44.3752 18.0016 39.0362 
97.7811 -47.8652 62.4355 
28.6334 -42.6536 58.2465 
-81.7657 4.51163 -0.759568 
-39.094 -93.3963 66.1441 
14.5943 -38.4776 -92.2246 
-21.9151 40.5085 -23.8109 
22.6169 -15.3308 42.9942 
-98.0088 -58.8947 -40.1538 
-83.5648 85.9721 -94.7678 
-46.8328 29.986 -37.1391 
-19.5326 -33.2367 43.9957 
42.9288 13.2651 -82.6697 
-90.665 4.9725 86.9929 
-13.006 -43.971 57.828 
64.7836 -5.92819 -77.2879 
-32.18 34.5927 5.41879 
9.56355 34.3404 90.2687 
62.5951 87.9121 -38.4836 
14.6625 -22.129 -45.1155 
12.5955 -6.5023 48.5802 
1.20335 -81.7206 38.9947 
-9.39378 21.912 -4.37367 
63.6165 46.7417 -96.1422 
56.4189 -83.7774 -78.6259 
-91.2488 -54.2721 37.6605 
74.4846 54.2838 -88.3814 
96.8767 -57.0221 -40.7952 
44.0505 71.0336 9.10628 
-32.0715 6.12698 -28.0761 
23.5828 -58.3569 -87.854 
9.27867 75.2035 46.083 
-23.4046 30.0343 1.51665 
-86.6494 17.3141 41.6484 
-10.1113 -44.0592 -55.3166 
-20.3069 91.7216 -40.1299 
-80.6449 -16.1705 27.0299 
93.8552 77.2044 -91.3976 
45.8446 -4.78711 80.7036 
-56.1753 -9.35345 -41.4981 
-94.6509 -72.268 96.4505 
61.8857 90.2997 -99.3932 
-46.4394 99.8964 -28.4145 
-59.4947 25.6472 65.222 
-99.7803 -27.5447 -15.4754 
-64.3778 -4.51285 68.9968 
-45.0702 51.5114 -46.9873 
-72.1608 -28.4367 -84.0103 
30.0594 -37.706 -35.7457 
91.5813 49.0182 97.6116 
94.2355 -26.8881 -22.7517 
32.8126 31.2148 -20.548 
-94.3353 -86.5196 -74.9457 
74.9929 -94.4417 -79.6249 
83.9376 2.25295 56.1205 
-97.8438 46.5056 16.1823 
98.7386 75.3361 39.1695 
-33.9473 -14.8663 76.0677 
-61.8435 -60.7338 87.1616 
43.6188 -95.5627 88.4064 
88.3075 -14.3619 65.5138 
25.8805 -73.9228 2.39054 
80.0464 -70.072 0.721154 
-83.3303 23.2786 -19.2857 
-66.6076 1.01969 15.833 
57.8525 19.2438 -82.5446 
85.2179 70.3287 -84.0456 
-37.3924 -50.7109 51.7784 
-98.7975 54.1184 -96.9295 
11.888 -50.3681 -82.6253 
-38.5086 70.6426 -1.92245 
76.6603 -50.2815 95.6763 
79.9699 -24.121 -90.3173 
80.3962 73.8363 -43.2316 
-12.973 -15.8109 23.559 
-95.8028 -44.0175 -40.6993 
-35.3168 -96.073 -23.4109 
-59.4534 -75.0212 -10.5965 
-8.40179 53.6857 -13.7172 
20.3209 41.486 49.9709 
-88.5158 4.60492 29.7664 
32.611 -21.8096 3.71995 
41.8973 90.8312 32.1732 
-30.7185 -14.9137 -23.0353 
27.6439 -6.52084 13.9808 
-25.6345 84.9451 -16.0634 
6.90042 -73.0925 -61.3482 
-75.1639 -49.5267 94.6303 
-62.8957 61.2095 -99.3376 
-63.0574 43.8717 97.6139 
29.7939 -77.712 -9.42032 
-25.3482 -13.4376 -63.8574 
80.6385 -40.8355 -34.773 
56.4492 -66.6085 11.2984 
90.3716 69.1309 2.75212 
89.2854 -13.8815 32.9702 
-34.4041 -96.7554 -36.0492 
63.5983 -67.0759 3.46554 
-21.3035 75.6578 -20.6713 
67.306 -25.1177 92.1402 
60.0925 71.6561 -44.5758 
83.7617 86.1821 94.3115 
34.3623 24.1807 66.3039 
-51.9349 -7.39369 21.2699 
6.79069 -35.2569 47.744 
85.6654 70.2762 -18.9174 
74.6145 56.8802 36.3247 
-47.5187 -37.4475 58.6356 
64.0797 -29.3297 95.6774 
-65.1001 3.68437 -26.0633 
16.95 10.9676 -18.6142 
20.904 -55.8852 -0.275977 
-56.8565 52.2866 40.2991 
52.2656 -5.96172 38.9675 
-1.02359 90.1925 2.28037 
-89.1181 94.1255 -46.6721 
65.459 62.4013 48.3277 
-13.8744 93.558 19.0417 
84.5082 5.43189 -88.914 
27.4299 58.5914 -72.3365 
26.881 8.70795 -66.8673 
-27.7074 7.07981 -73.7929 
76.4731 28.7691 -25.4679 
-39.8575 27.3984 -42.2171 
8.08967 74.2535 -42.7133 
41.4348 -39.402 79.729 
12.7814 -6.93046 -47.555 
13.2232 47.0411 -82.4662 
-49.4007 88.0796 -69.0396 
86.5808 54.416 -8.25865 
91.7143 -34.8843 52.3098 
-3.63072 29.2954 -78.5347 
-82.344 77.9864 -79.3613 
-84.6392 47.997 -94.2269 
-71.7998 -30.6473 -10.1722 
-44.8944 9.6946 94.3988 
-33.9409 29.2499 61.0212 
48.392 69.8057 -50.7097 
99.469 -8.061 -73.6553 
-92.0027 95.872 62.4629 
-43.6677 31.6411 -33.8082 
-59.778 64.0974 -64.9052 
-71.9456 71.6657 47.349 
36.5439 3.24172 -24.7124 
29.794 -99.3842 -61.2427 
38.5396 98.9138 -10.5109 
61.6729 -39.4413 -29.0462 
-85.5497 -49.2466 68.7935 
70.2778 -74.0651 -12.8794 
-20.6282 28.501 70.3655 
91.6571 24.8281 43.6495 
45.9859 -66.2026 -13.9558 
69.9714 -5.59464 -51.8992 
52.7098 -27.454 -48.8011 
86.1542 -91.3802 -3.88307 
42.3024 -18.7402 -72.6501 
90.1972 -8.78769 56.2754 
-12.336 -95.5168 -47.1807 
-90.1682 -34.1243 -76.9728 
-70.3879 27.4007 69.3082 
73.4413 -68.5004 -11.8168 
36.2587 -60.1071 16.9877 
1.10356 -29.0744 -30.6685 
-57.7092 -55.6977 61.1077 
-16.9495 38.7018 18.0712 
-3.77146 27.6951 8.26749 
8.64723 21.5944 22.463 
-63.855 67.7804 -14.0664 
-67.1163 34.3624 -87.104 
2.29523 -6.44569 -74.1174 
88.5658 83.4038 95.1051 
-0.251025 56.0946 19.6336 
-8.71713 -2.60167 14.3124 
19.7443 15.2937 -46.3093 
-96.5597 -38.233 -79.4721 
3.50168 28.8907 39.9779 
66.578 59.4508 -26.5975 
-8.39001 9.01457 -5.79074 
83.8075 34.0183 6.91605 
1.39761 -1.6572 -80.2188 
-36.685 -95.8329 -34.0928 
-42.432 25.8115 -15.3871 
97.2093 -98.9737 -17.7813 
-58.368 -9.81881 -37.6613 
73.1796 8.76846 80.4113 
30.5425 42.1125 18.6431 
-22.9043 95.378 95.4952 
-75.465 -33.0855 -21.0412 
10.7317 -23.6767 88.004 
-18.5648 29.4943 -15.3666 
96.6514 -6.69584 -80.0602 
-34.1095 87.3723 -75.4087 
58.4551 14.1395 24.7227 
-21.1608 35.9443 38.992 
-13.6962 -1.43216 -33.5963 
-4.50824 -33.01 35.522 
-78.3812 -70.0948 -21.4325 
-6.99915 -99.2021 -43.5775 
5.56679 4.29658 88.7614 
-20.3478 -84.9964 30.9881 
-12.1615 -46.4114 -22.4359 
-21.3132 -4.58031 44.7635 
-70.421 -40.6922 50.4154 
-39.0626 -82.0186 5.42286 
-76.9224 18.8442 -44.3586 
-80.4613 -88.6302 -65.5333 
81.2273 16.0035 -52.7098 
-6.77734 -30.7252 40.2379 
-69.9784 -6.71667 1.7013 
-2.67907 98.9361 -55.2359 
-64.1605 -14.2724 55.9308 
58.6838 -74.5257 37.956 
-57.4865 94.8211 2.72054 
-50.2502 21.6379 -44.6193 
-73.2742 24.4398 -98.4324 
2.79988 -82.839 -25.826 
-44.9754 -38.6843 29.1746 
2.87397 -5.08793 -7.69071 
-75.9687 -21.1837 -11.5808 
9.86974 94.1172 -16.8515 
-99.638 11.0468 1.99894 
-29.4423 -67.879 55.9164 
-28.739 76.5277 -56.7531 
25.0573 59.6529 -34.0324 
-26.1239 -12.6865 -96.2766 
-51.1847 -77.2506 -49.765 
-96.1281 16.3235 -39.471 
-83.2145 37.9135 23.0125 
87.1396 -27.2319 44.3518 
-25.573 -27.3812 -99.2585 
-12.9978 82.6524 -1.52707 
29.3798 19.9111 63.3971 
44.7404 99.8788 17.9368 
58.1774 -0.541831 20.109 
-57.4376 -64.5239 -70.5831 
-81.2091 99.5755 80.5385 
71.1846 -99.7229 -51.1759 
-60.5427 -64.6697 -40.7798 
-79.1087 17.2722 90.7361 
0.0840774 81.0887 -80.7722 
-60.4549 -41.2705 -54.0015 
-7.21687 80.6166 0.254963 
-95.808 27.2573 -11.7681 
10.9179 -68.2758 43.8901 
-44.1945 96.0363 -26.7611 
19.7258 81.3944 61.6893 
82.366 -33.3944 -62.8401 
33.7266 -45.2788 71.7057 
-56.6107 -11.441 -71.0216 
-44.6838 4.06211 61.8833 
44.79 -59.0188 96.6415 
-69.9298 -58.4673 -42.0465 
65.7077 59.15 11.9854 
-12.0351 80.2683 -40.6035 
-67.5177 32.9263 90.6118 
-88.5359 -99.3224 -56.5882 
12.9374 27.3944 -4.77913 
12.7506 22.8434 -1.99286 
-74.4603 51.6665 43.8531 
14.8846 -77.6818 -62.3346 
-37.9205 -65.9243 99.3228 
-49.3737 -96.6883 42.8986 
-79.2907 86.6801 70.6799 
-61.8667 -84.2634 -17.0234 
51.5678 -9.41714 -78.6539 
31.5771 -70.0969 70.2814 
44.8092 0.806207 93.9994 
-31.31 44.9997 69.9174 
5.81686 -48.2019 -58.0816 
10.9076 -71.8767 -26.6161 
-1.12929 44.7077 -73.2861 
26.6827 -3.58225 -13.6863 
99.0813 36.1163 -71.2102 
-58.7451 -70.5681 57.4966 
-84.0146 89.3423 -4.03404 
82.3661 -38.5685 81.1781 
-85.2327 77.4295 -85.1035 
-29.3308 -16.6165 90.4778 
-14.7483 53.1706 49.7431 
-12.2387 -64.6351 56.3194 
47.7398 -58.5615 -40.5822 
-18.9229 53.8552 91.7245 
-57.5602 44.2548 -11.0379 
-6.23819 -4.43381 -93.63 
-29.3056 20.2478 -75.6078 
-7.45552 -63.9212 50.0372 
32.3232 3.99241 58.2092 
34.3697 -62.0469 -6.04299 
-59.2309 27.8364 -5.67176 
-70.0089 15.5334 -48.8836 
-54.863 91.5092 6.2842 
-19.0038 92.2165 80.57 
89.578 75.6055 71.8362 
1.63004 56.5501 -67.0934 
32.4311 54.3724 99.7696 
3.45555 -34.692 77.812 
74.4537 -16.2986 -50.476 
44.9911 -90.3173 -41.6392 
-42.1128 -38.6331 -88.7339 
-9.13287 10.9007 -5.0465 
68.8413 -23.9014 -81.9753 
46.0943 69.4313 -86.3314 
98.9976 52.8472 95.2254 
-78.6624 18.4948 -49.7547 
-94.0731 -56.3084 80.9217 
21.101 84.4253 -40.9659 
-37.9997 69.5075 -84.9809 
60.1843 -17.8186 -38.8013 
60.4385 -7.91296 -52.647 
2.10219 -50.2952 -30.1987 
96.0206 33.0206 93.7695 
-3.03921 -30.5744 -34.316 
-5.26479 61.5769 36.1199 
21.4191 51.6807 -68.6087 
89.5651 70.4737 36.3406 
-69.8859 21.5169 32.1965 
33.3907 -9.20302 6.76581 
-16.7546 -21.1596 88.6564 
-51.2151 70.8184 -71.803 
3.87956 -65.5186 -66.0242 
0.0856095 -20.6344 -89.9028 
-51.3771 -59.4881 -97.3147 
33.2089 -88.3363 11.4748 
6.21606 -55.8637 -53.5127 
-66.3497 72.2183 -83.8783 
20.0862 45.8443 23.1298 
-49.5178 50.7577 64.8287 
31.4277 -53.4179 85.2762 
-65.3847 -4.48505 -96.0615 
85.4131 -73.7025 -79.9391 
-68.0854 -33.167 88.8937 
-98.0934 -64.5085 -47.3293 
-20.4958 -88.7707 -75.6829 
-49.294 -56.087 -7.97126 
34.6894 10.6332 -92.543 
-73.7611 -74.411 -94.7816 
17.8564 -44.4693 -15.3278 
22.8877 -20.9025 68.6145 
46.1811 -40.3521 60.9378 
-7.63849 43.0865 -28.3936 
-45.731 0.001512 39.3131 
-49.9323 54.8973 -42.6757 
62.0784 38.5533 -88.1562 
-61.6933 41.5098 -51.7362 
75.1453 -50.5462 -61.3957 
97.1309 69.0013 -81.5963 
49.3683 -74.1656 -42.1648 
71.363 19.5517 -97.3549 
-76.7503 33.0748 93.1946 
30.5138 3.72035 -33.4782 
3.90983 -76.4957 92.7915 
-61.5218 45.4683 10.2986 
-31.8581 -21.1814 96.3728 
45.222 9.65035 72.7728 
-13.3282 62.2965 68.1574 
-24.8506 -62.9605 -97.4863 
23.3442 0.723454 88.5848 
-4.31607 11.8926 -93.1914 
14.9758 6.60496 12.1809 
49.266 78.5896 -64.1689 
4.1776 17.4395 -61.8965 
-30.0552 98.452 -59.186 
-37.7854 -32.0038 -81.5467 
96.7506 -28.55 20.0267 
-83.4296 78.04 -64.1988 
-77.6984 -95.1525 11.9039 
-28.6435 49.1139 -9.7841 
-20.9266 -78.7234 -16.2185 
19.357 48.3983 -19.9464 
-79.4342 4.30396 -72.17 
97.3715 -2.27844 43.2888 
62.576 -36.5398 -79.0647 
85.3034 -46.7828 -91.4577 
-55.8865 -89.3029 78.3917 
-44.5432 90.2656 73.4413 
-32.9553 91.7627 -15.3483 
94.1223 38.2122 60.5331 
15.5628 53.0617 -11.7148 
-43.3692 -61.1461 98.6073 
9.45625 54.1113 41.0121 
-40.1161 16.6941 93.8699 
-8.6411 4.94121 63.7354 
26.4557 -48.9967 -26.4492 
-72.2749 -36.2031 -89.071 
19.9565 73.7451 60.7542 
70.021 -64.6088 -29.2567 
60.6245 -23.0123 96.7036 
-45.287 56.7954 -47.524 
-23.8069 -29.8541 -10.8022 
33.9378 14.2534 -76.7905 
67.5209 46.9847 29.2213 
-1.86831 74.9972 43.4806 
99.3086 -58.0578 -70.9935 
-84.796 -65.4718 21.0075 
-0.251794 -63.4942 72.3712 
56.9708 79.06 -7.45026 
87.824 -36.5022 38.6525 
59.1927 -73.7575 -68.0944 
50.7317 42.9387 -30.5317 
13.2146 -52.5367 -32.4099 
-27.0054 -76.2049 -0.510333 
32.9446 20.6252 46.5517 
63.2502 -2.79624 -24.469 
0.575666 85.9578 -96.6969 
-48.5061 -37.4255 -55.3645 
73.2739 -11.5253 19.9834 
26.6229 15.5596 59.322 
-65.7718 89.4112 -86.448 
-60.9974 -90.598 46.0525 
-22.9349 -79.843 37.6636 
81.1588 32.9686 68.9506 
-36.336 83.5475 -34.7652 
8.18958 65.822 12.8753 
89.1919 12.9826 79.1811 
-75.3024 28.0084 -51.0087 
70.2797 -37.9386 14.813 
38.2425 50.7928 45.5008 
-31.9983 43.3439 -6.71 
53.9115 67.0005 79.0292 
43.7297 -59.0023 -8.66457 
-99.7946 -43.3926 -32.6458 
47.4845 13.223 75.54 
-51.2092 -41.8074 92.9161 
32.5589 -6.89677 30.5306 
65.8866 -10.0192 -56.1472 
49.9725 97.7676 59.1594 
3.66156 55.5095 8.04592 
-74.2313 95.5543 24.5589 
-17.8383 57.009 -89.2905 
27.0139 18.7459 42.2914 
78.5693 -94.9388 -87.9109 
17.626 64.2055 -21.9754 
15.8708 -63.817 7.83304 
-56.3798 -88.5683 22.5577 
-48.7435 5.91737 -57.2712 
9.61855 15.8236 33.0707 
61.5616 -16.2873 56.6691 
80.9305 40.1248 -82.6345 
73.2385 33.762 59.7544 
-90.405 61.7794 58.7833 
46.8565 28.6337 -5.6195 
6.67575 90.7134 68.2063 
-2.8019 60.9406 -92.1593 
-24.783 -51.7576 -5.50685 
-61.8779 79.9409 32.3674 
-91.5488 25.164 67.3117 
-60.8055 -97.4152 0.607649 
32.4819 -4.61848 -43.9195 
-79.0574 -32.5837 -91.992 
38.8504 51.5195 44.178 
-82.1045 18.9675 -32.4651 
-56.7844 84.5261 26.4459 
-58.4805 3.26665 -15.3088 
66.2022 48.3674 45.1331 
-66.811 4.33515 73.0892 
-44.9269 -27.5192 60.9413 
10.4387 -32.1611 -27.2391 
5.98463 65.0767 33.4173 
-6.6752 -49.7896 -94.6572 
-83.1819 -49.675 63.3687 
-36.6432 -19.0396 72.6017 
85.5412 50.471 -0.664449 
93.7725 44.3832 -91.7062 
-13.7543 13.5173 71.9245 
-13.906 7.89195 0.741573 
60.7214 -79.0883 15.5749 
-3.14166 98.8539 17.6016 
-13.7591 25.4156 -73.7502 
6.71272 -1.25841 8.36599 
63.8347 -20.8284 -25.4756 
92.1611 -72.6043 42.7064 
-60.0585 -72.0322 8.28378 
-91.3555 -10.1505 84.0336 
-21.3231 83.5753 -47.3516 
-43.7244 -72.0656 66.1527 
57.9903 60.4562 -0.97306 
52.5757 18.8641 -9.9326 
69.7171 6.41044 -2.18626 
44.0456 -33.4869 -40.8092 
-6.9827 73.9184 -8.73918 
22.5316 -99.5725 -87.6167 
35.6454 68.1471 -42.2955 
-17.9995 48.763 40.9317 
-53.7147 26.2988 -63.0307 
-13.0694 68.6803 -60.4653 
8.3566 -0.765988 -26.8869 
-52.4811 -95.2961 65.2277 
39.9165 87.4994 15.6348 
-33.3411 -4.43586 57.8552 
35.955 33.442 -12.8467 
-90.2998 74.8168 -95.5002 
-20.4261 -61.7416 -14.4556 
67.2904 37.6994 -67.7228 
21.0832 69.8471 68.3452 
-90.2596 -87.4764 67.7251 
23.8143 35.5083 -66.4561 
-77.0504 43.6239 65.4079 
40.7329 74.135 -78.7144 
-45.3857 -81.4312 10.442 
-20.349 23.8079 -6.3498 
81.102 -84.4705 -85.5819 
-69.7727 -88.4781 55.0377 
3.78856 -57.7977 -32.3189 
-26.1856 -18.3017 35.9299 
-23.5014 -74.4792 20.8336 
-81.5161 20.4539 -50.2932 
47.0368 97.3874 -5.98692 
-60.3427 26.411 -63.7164 
-10.7301 -4.58988 -46.0321 
-9.61955 56.9365 76.3029 
97.5213 -67.59 -19.7759 
-51.641 93.7117 -25.0773 
58.9428 -78.5731 88.0965 
-67.0645 20.5064 -99.3225 
-76.7683 23.7011 39.2639 
-25.131 31.2179 30.8691 
-97.8179 -31.0881 22.4388 
15.7019 79.8715 -56.8186 
10.2787 -94.9174 -37.8671 
-30.6985 32.6474 8.1611 
13.5101 -70.6243 -86.6039 
85.3217 -72.4869 66.7189 
-26.7474 53.7083 65.4161 
-14.0353 35.7394 78.8929 
-99.6716 17.8652 43.2816 
60.5807 92.9235 30.9923 
4.30694 6.55431 -10.247 
0.378392 -32.0534 32.6039 
-23.7652 6.00342 45.351 
-80.6603 45.1594 21.438 
-52.8638 14.1889 -28.4881 
-32.0421 83.6106 44.8478 
-67.8042 -9.85481 50.1219 
-45.0598 47.4168 34.7302 
-59.8818 20.0129 -38.7972 
57.4629 35.3242 -79.5609 
33.7869 32.0362 82.9312 
-57.1135 -13.3341 -33.9009 
29.7774 -3.4535 18.2551 
58.1672 -37.795 -63.0433 
-97.4534 -73.7456 -70.3549 
-43.0421 -44.0088 -37.4654 
76.7591 50.8935 57.6502 
68.5759 -28.6574 81.0512 
-16.1825 -16.1212 -62.2635 
-86.3839 53.5161 -4.52514 
-53.9632 96.0736 79.7937 
-53.6643 -97.359 39.2486 
-1.22383 18.9492 52.9526 
60.532 82.829 -14.4515 
-86.017 -17.2349 -15.6106 
52.7195 83.2446 -98.7541 
-59.5657 -53.0572 -12.3332 
8.89054 24.5048 -72.7277 
-73.5597 21.1252 -1.07862 
-83.8047 -21.5554 46.9661 
54.7467 -78.7194 -55.7491 
-40.7869 -17.4262 -10.4096 
-1.86839 -99.6596 -65.9677 
-26.3752 -0.854753 -77.9888 
-38.257 -5.04061 3.91201 
-46.1813 81.3416 -64.8739 
65.229 -46.4908 81.175 
5.69187 -41.3304 -35.2005 
-33.3751 -52.0433 33.6614 
88.6506 -30.0501 82.5222 
31.6727 -18.7698 22.4003 
-2.94673 -22.9868 -81.9694 
27.7329 63.318 -72.1087 
0.432654 -43.3194 -97.6138 
97.7856 -74.6779 -83.8529 
-75.5691 -64.5105 58.447 
-91.1788 -57.5877 0.144748 
-86.2376 21.7486 78.6292 
-48.6897 -75.633 56.3564 
34.123 18.7794 82.5299 
-48.7272 -6.87608 -82.9057 
-96.5542 -39.9511 12.6144 
-38.2602 -71.5711 15.9259 
23.8603 87.8324 3.07798 
-30.5048 -96.0805 -6.32165 
97.435 19.5541 17.6562 
-35.8385 -79.2839 49.7697 
-79.6136 -19.4826 62.7545 
13.2431 -47.2002 -95.8685 
64.0172 19.8223 62.2669 
-28.1736 76.9925 -14.6569 
50.331 59.2482 37.2959 
59.7799 -63.629 5.91981 
-16.5547 -20.2717 -68.1115 
-66.9965 35.4978 -30.95 
47.6882 -57.9741 -6.92316 
39.9944 -33.062 81.3889 
-33.6201 87.062 -83.8656 
45.6292 -92.7224 1.0111 
-93.1057 -39.083 99.0359 
20.2209 87.8907 -38.3111 
-59.3241 -11.8454 12.3917 
74.0426 12.8619 51.265 
-12.99 56.7782 36.6855 
-19.3174 9.95361 72.7346 
76.9135 -44.2589 -71.1808 
63.0176 -81.2724 48.7236 
54.516 -32.9088 -83.323 
-82.202 -46.6349 -22.1386 
-51.2819 34.3045 96.7015 
56.9439 56.2709 0.515511 
-37.248 63.8075 -88.7491 
9.13007 -44.6594 19.5672 
-55.4743 -12.5094 -26.8141 
75.6426 29.4799 -55.3196 
-65.0844 13.9382 -90.2892 
81.0956 87.9677 9.42234 
-97.8908 -5.74771 -55.8208 
27.9939 58.3507 -46.0758 
-83.9034 12.4384 97.9482 
41.412 22.1022 -8.94923 
44.5764 13.3353 77.2266 
13.8015 69.6501 -72.7483 
-28.3137 -1.01283 23.558 
-23.3389 -0.6571 40.8848 
30.1903 69.2892 16.278 
-10.1953 40.6063 46.9547 
-31.9348 -6.6491 89.6221 
25.6018 -86.52 28.8052 
-93.3203 -43.8429 12.1458 
99.5023 92.0958 17.505 
-19.1216 -90.5886 47.2233 
-48.8127 75.5577 94.7031 
-59.3548 -77.8674 -11.0059 
29.4728 72.2651 51.0944 
-41.5998 7.30653 47.4125 
-62.7795 -26.8203 -37.7055 
26.7389 -65.733 -42.6104 
89.9374 35.7016 -98.3486 
6.65873 75.4546 59.4722 
-25.0605 -0.416101 -27.6855 
-19.7089 65.745 -14.1501 
27.1502 -53.5559 -43.4833 
-34.4335 6.4609 24.0707 
68.3113 65.4634 -53.2178 
-33.1299 -50.9562 -83.426 
45.4698 58.2206 -97.2174 
-75.7206 8.89619 37.6118 
-38.2749 14.0756 90.6765 
26.2265 -27.7044 87.8644 
-73.205 -85.2773 -8.10124 
-53.9761 -73.9127 78.3561 
-90.6812 -17.6771 57.3129 
-44.6883 -79.9518 -82.7409 
-35.7748 50.9411 -97.8872 
2.63679 -89.5003 -9.04383 
-0.419137 45.0104 31.2528 
19.5694 -64.541 37.2865 
29.8578 25.4252 54.7479 
-21.5806 69.0673 69.7818 
-53.6573 98.3634 -16.2125 
97.3226 -91.8331 -62.089 
6.94926 89.0861 -95.4178 
-41.3992 33.1918 -38.9245 
-43.3478 -82.8905 39.7542 
-20.1721 -81.6464 -90.0482 
75.9538 -95.8605 -17.0446 
-93.3111 69.0553 58.0041 
-13.2739 60.9442 4.10646 
73.0934 52.714 -12.152 
-80.5353 95.1614 -35.9306 
29.614 -50.298 54.6362 
4.22846 -8.93617 75.4953 
-98.79 98.4878 -1.83365 
-65.2778 -97.0394 -13.0742 
31.757 -8.28897 91.7248 
78.5131 -53.8177 22.2934 
10.0093 -12.5029 45.9294 
-45.1085 87.7445 -69.1324 
-9.6392 -37.4524 -73.7159 
43.9645 31.9696 8.70426 
-60.6494 -93.8998 -79.5966 
-95.9778 -24.411 12.0512 
-25.6679 -83.0239 69.0809 
8.04365 84.6674 -38.9967 
-37.2908 -24.4153 86.595 
-92.7805 90.0087 81.6168 
-70.0348 27.3441 -53.5313 
-48.3461 74.3459 3.1124 
-82.7872 33.464 46.9985 
98.0688 -98.1045 71.8759 
71.8288 -81.02 -20.0994 
-75.3322 -54.6493 -31.7987 
39.7306 36.6429 -64.1367 
-96.5754 -61.3293 50.8951 
-12.9197 27.274 38.7059 
-5.15036 -52.1398 -68.8813 
23.3439 -84.4212 -36.7161 
58.2763 54.5551 56.1093 
-57.4247 63.7906 -98.7503 
45.5941 -82.8417 0.222473 
-34.4844 -92.6905 56.6883 
-96.4853 -33.9509 -67.743 
12.4044 8.53216 -73.677 
80.1128 -34.0032 -62.7172 
97.6765 -68.726 -98.1204 
51.4281 11.6941 25.6321 
32.3061 -97.7615 -91.3813 
-28.756 66.9037 69.14 
78.1375 -14.9603 -87.6248 
-66.329 31.7298 53.494 
79.876 95.08 -87.5926 
56.3961 52.7016 -62.0694 
9.50387 31.2613 41.5071 
-57.1107 -63.5822 -76.5488 
-21.7712 34.7657 27.8341 
41.9735 -98.0577 9.44822 
74.6032 -39.2339 -78.4779 
-57.4924 29.4748 83.9596 
-42.1885 -13.5177 43.3029 
-2.973 -36.1046 -60.0625 
-73.6703 -75.5133 -66.3613 
-81.9986 92.1013 16.4759 
56.5581 -69.8662 90.8757 
-65.6473 -29.8082 -43.5607 
-48.3972 -25.5659 -13.1902 
42.0247 95.0467 45.5041 
-84.9696 -67.8526 -58.3453 
17.5631 -59.7889 -93.4488 
-9.66101 -42.4545 27.6906 
19.2056 -4.89935 87.9545 
67.7288 -95.9061 86.6526 
42.668 -6.09852 48.6161 
-76.3616 -74.6833 15.2674 
80.7543 81.4245 -46.8682 
64.2891 -20.2259 23.374 
-62.5302 -91.7668 -94.5082 
-65.0542 -42.2454 99.7405 
-6.22013 -50.3145 -92.0683 
-11.118 -52.4012 -10.6061 
-37.6039 -60.1486 18.7651 
-35.3058 -6.97255 -35.2395 
96.1902 19.4131 -80.6193 
-18.4439 -50.9799 73.0527 
-41.7769 5.94513 14.6112 
-61.4809 -67.3933 37.1466 
-45.6106 -37.0811 -47.6812 
98.4688 98.407 23.4593 
19.5782 7.126 74.8289 
-73.5219 45.5777 63.799 
25.7557 87.989 -94.2819 
-87.2546 -36.2825 97.0313 
24.8728 73.6406 -91.6265 
36.4714 -67.8712 28.1883 
-15.5777 92.1407 76.2035 
27.1895 2.47848 90.4374 
-76.0258 -17.0568 -84.9355 
81.6954 4.64973 33.1384 
-47.5406 84.2213 -16.4631 
-97.2744 62.5459 10.2388 
-43.8582 -37.4711 -32.0743 
-83.9142 74.6298 13.0928 
96.374 86.1274 -12.0189 
8.384 -99.2962 12.1768 
27.8533 40.099 95.3798 
64.8049 91.8327 84.7424 
-25.4359 -56.6216 79.9377 
6.36704 61.3951 -33.2892 
-30.1212 65.1647 -45.5365 
42.3361 81.589 -61.0891 
-66.9499 -18.2786 -17.9988 
24.0884 -27.2835 57.0074 
4.9758 4.40619 14.6459 
71.2909 -47.2703 59.0291 
-85.4274 -86.0257 93.7155 
23.8717 47.8322 -45.8351 
-75.0083 -92.6397 -31.885 
-53.3886 -81.4753 73.0895 
-66.2224 -24.7749 2.67881 
-72.3201 -47.4369 -92.2974 
-66.0602 -6.5629 14.3098 
50.5244 28.1522 3.43649 
22.231 -36.3282 95.1474 
3.53852 -89.6877 43.2014 
92.2763 1.31319 57.1018 
76.2774 87.6746 -38.5322 
8.91162 51.5664 -66.3302 
4.93738 -20.2499 -54.502 
-94.4816 75.2615 83.7583 
-87.7458 -80.3804 95.5306 
-47.7165 93.7112 -58.3092 
9.35767 -35.6149 51.9022 
30.0971 83.4251 34.0334 
-7.2171 55.8076 3.00437 
-11.3861 48.1163 0 
